image: map_fill.pgm
resolution: 0.050000
origin: [-11.386792, -24.411694, 0.000000]
negate: 0
occupied_thresh: 0.65
free_thresh: 0.196

